PS D:\GitHub\cis-492-midterm\Final Project> & C:/Users/serey/AppData/Local/Programs/Python/Python39/python.exe "d:/GitHub/cis-492-midterm/Final Project/student_math_1layer.py"
[357 rows x 33 columns]
X_train:  (303, 26)
y_train:  (1, 303)
X_test:  (54, 26)
y_test:  (1, 54)
start
8 9.405140601173564
7 8.343900889364894
15 10.33372534900615
8 11.527620024790902
15 10.068415421053983
13 13.782754412384323
13 10.466380312982233
8 9.405140601173565
7 11.129655132862652
15 11.660274988766986
11 10.33372534900615
8 10.997000168886567
15 11.792929952743071
5 10.7316902409344
11 11.12965513286265
16 11.792929952743071
13 12.323549808647403
16 10.864345204910483
14 12.721514700575655
8 10.33372534900615
9 10.731690240934402
10 11.262310096838734
10 12.190894844671318
5 12.19089484467132
9 10.599035276958316
12 11.129655132862652
11 10.33372534900615
10 11.394965060814819
14 11.660274988766986
8 14.71133916021691
13 11.129655132862652
8 12.456204772623487
16 12.721514700575655
10 9.272485637197482
13 10.997000168886567
10 13.119479592503902
12 11.394965060814817
8 10.997000168886567
8 13.252134556479989
9 13.119479592503906
11 12.721514700575655
12 8.741865781293145
12 12.721514700575655
14 10.731690240934402
10 12.456204772623488
16 12.986824628527822
9 12.058239880695236
13 10.068415421053983
11 11.527620024790902
12 10.7316902409344
11 12.323549808647403
13 10.466380312982233
[12012.5, 14.443495804834848]
MSE:  9.129091765710053



PS D:\GitHub\cis-492-midterm\Final Project> & C:/Users/serey/AppData/Local/Programs/Python/Python39/python.exe "d:/GitHub/cis-492-midterm/Final Project/student_math_3layer.py"
9 9.881339976343526
12 8.84217525283784
5 10.57382617514239
14 12.020371361654021
9 10.721921899885745
11 13.914711669230448
11 11.067629277527127
8 9.851994308637849
9 11.032509605577573
15 12.446599425834222
10 11.430038658326277
12 11.668244179512952
16 12.421503343527991
10 11.633504519092865
18 11.52257158134413
11 11.936129364584222
8 12.566528306732462
16 11.80405140041766
10 13.403124192131466
8 10.915620414103513
10 11.118280390733238
11 12.028489434552666
13 12.762453046254572
11 13.468213384874735
15 11.682651604426116
15 10.944323636231973
13 10.662108825746108
7 11.072138716934083
5 12.513427415143177
15 15.176955481090204
12 12.540931154495281
16 13.206349276206979
9 13.612588060399796
8 10.036063067181448
16 11.669513018157359
11 9.988838668443105
10 13.673308187685112
10 13.29373033693909
6 12.333817073176686
10 10.475645746763835
6 12.335902278919024
10 13.828342992388269
19 12.872014616708508
15 9.438940909490086
9 12.959183961467293
16 11.32297414978641
12 12.228366725830222
11 12.800540169550302
10 12.541279783655039
17 11.308169797476838
8 12.352409264210422
10 11.306990174695404
13 13.196444398518455
9 11.737256198694311
MSE:  12.108602559511542
[10.529999999999971, 394.3166943772403]
PS D:\GitHub\cis-492-midterm\Final Project>