[395 rows x 33 columns]
X_train:  (355, 26)
y_train:  (1, 355)
X_test:  (40, 26)
y_test:  (1, 40)
start
9 9.154950063025122
14 13.151137445042746
15 8.63931298147446
13 9.670587144575784
0 11.088589118840101
10 11.088589118840101
6 12.635500363492085
9 8.123675899923798
15 9.670587144575784
10 10.57295203728944
10 10.186224226126445
15 11.088589118840101
10 10.057314955738779
11 8.89713152224979
13 10.31513349651411
11 10.057314955738779
7 10.31513349651411
14 11.99095401155376
18 10.57295203728944
12 8.768222251862126
15 9.79949641496345
6 11.862044741166093
15 15.342595041633057
13 10.186224226126445
9 11.475316930003098
7 13.666774526593409
0 12.24877255232909
15 12.893318904267417
5 10.83077057806477
10 11.217498389227767
11 11.990954011553757
11 10.701861307677106
9 11.346407659615432
16 11.733135470778429
8 13.02222817465508
14 12.50659109310442
12 10.57295203728944
11 9.799496414963446
14 11.604226200390762
8 11.088589118840101
MSE:  18.485159332172607
[12672.319999999989, 33.6408084300021, 37.48667313604669, 7.481725429791156, 7.930162668217511, 6.231664080114108, 21.8811124887355, 0.0003482407903710197, 8.847668085309902, 1.8780981931643415, 20.675228851882437, 1.0447728513337151, 58.710183787991134, 2.8043809351669062, 3.597085246201188, 1.1171277172442755, 3.1928382116901735, 15.34270309657263, 2.463237382566636, 29.223980168425218, 2.6115671184421423, 1.03559547389146, 2.190632180555197, 0.5292844207591894, 1.8929533638960112, 0.1742716439938296, 37.02996989118923, 15.14103534391799, 19.72331520516507, 3.3346883998058763, 0.24555440107406373, 3.2426146528577426, 1.8133386916864884, 16.972004582476384, 0.027834662377899402, 0.3432685264417238, 12.14248414067601, 0.8409101936190021, 6.815750538580747, 0.09208450014045307, 16.98596719560757, 7.684220453685273, 4.4149626965455075, 46.67169034968139, 4.329900461045883, 10.651250221764801, 1.3107976274280992, 18.855324586189223, 15.575071922971484, 1.2273996657182213, 28.246980580749398, 7.005028928568987, 21.569768184622525, 0.00850813783356969, 36.38713024125125, 0.00034118607134223767, 2.6386408502211998, 0.27866136187430884, 1.5010124260305635, 44.0024176830863, 0.7546193299000242, 30.321481786743703, 0.31525721459872913, 0.1048407721369845, 1.29954562699303, 1.8415078989710145, 4.891169220249217, 0.06252373303449625, 27.277455572563795, 16.39760777200736, 0.017124625957431104, 33.153217289311854, 1.0994549164366236, 7.187896361982112, 7.885436618625973, 8.413758748052835, 7.8132857487524525, 25.8942014134512, 0.3303865210417674, 3.360344708655372, 2.51087956377071, 17.515988377439452, 0.2734801198442375, 50.09927013357866, 0.5023607926843744, 0.7530318514065245, 1.3741625607118328, 1.2377156129356917, 11.825421059142027, 5.028210185903579, 37.87272331046856, 0.09637901512279619, 0.8385588699497158, 1.1979731646689822, 1.9002841887904907, 3.549507535526617, 0.08698901626965029, 36.59577605234808, 28.473841271456298, 14.329583618552535]






toBeRemovedList = ['G3', 'school', 'sex', 'address', 'guardian', 'paid', 'nursery']
y = newDF['G3'].to_numpy()
x = newDF.drop(toBeRemovedList, axis=1).to_numpy()
n = (len(np.transpose(x)))
featureN = len(x.T)
X_train, X_test, y_train, y_test = train_test_split(x, y, test_size=0.10, random_state=40)
y_train = y_train.reshape(1, len(y_train))
y_test = y_test.reshape(1, len(y_test))
print('X_train: ', X_train.shape)
print('y_train: ', y_train.shape)
print('X_test: ', X_test.shape)
print('y_test: ', y_test.shape)
print('start')
# w1, w2, wn, theta, l = nn(10000, len(X_train.T), X_train, y_train, .0005)
w1, w2, wn, theta, l = nn(1000, len(X_train.T), X_train, y_train, .001)

[395 rows x 33 columns]
X_train:  (355, 26)
y_train:  (1, 355)
X_test:  (40, 26)
y_test:  (1, 40)
start
10 9.458444438883626
5 10.303322962536283
8 9.458444438883626
9 10.092103331623118
10 9.775273885253371
0 8.613565915230964
13 9.141614992513876
10 10.62015240890603
5 7.346248129751977
10 10.303322962536283
12 10.62015240890603
9 8.930395361600713
0 9.036005177057296
18 10.514542593449448
14 10.725762224362613
10 9.880883700709953
10 8.402346284317803
11 15.795033366278567
15 8.719175730687548
6 9.564054254340208
10 10.303322962536283
6 9.775273885253373
9 9.458444438883625
8 10.408932777992867
12 12.943568348950842
11 7.45185794520856
13 9.458444438883625
11 9.036005177057296
15 8.930395361600713
11 7.874297207034888
11 6.290149975186154
7 8.402346284317801
9 8.82478554614413
13 9.458444438883626
9 10.514542593449448
9 8.29673646886122
18 9.669664069796788
15 11.887470194385019
11 9.247224807970461
9 7.663077576121723
MSE:  14.379311733125768